09 11 35 35 45 46
02 19 20 24 34 40
01 04 13 26 40 49
14 24 24 31 37 47
02 07 26 32 40 41
08 15 33 33 38 38
10 12 31 32 33 35
15 15 24 27 45 47
01 05 05 18 32 43
28 33 34 40 40 43
07 15 15 17 24 28
18 18 22 38 41 41
02 16 32 40 41 42
04 09 22 26 28 29
02 04 28 41 41 48
06 07 09 28 29 30
01 01 20 30 30 38
05 09 13 21 27 47
15 21 31 32 41 46
04 05 17 18 23 27
22 33 37 38 39 44
21 31 31 40 44 46
10 20 31 35 39 41
06 11 18 24 24 25
09 21 21 31 40 41
02 04 09 14 44 46
02 23 24 25 30 38
09 18 21 25 32 37
11 13 24 41 42 43
01 04 04 11 14 38
05 09 09 21 31 33
13 15 17 29 37 47
01 05 08 08 35 41
02 06 07 27 37 43
07 12 19 25 27 39
11 12 13 16 17 25
15 19 19 20 24 30
11 11 19 33 40 40
02 06 32 32 35 45
18 20 24 27 33 33
03 22 34 41 41 43
21 22 29 30 33 35
04 13 19 29 32 41
09 18 20 25 48 49
18 18 27 30 36 46
07 10 23 32 40 48
01 06 13 25 33 33
04 07 11 24 38 44
12 21 32 32 34 39
01 08 23 36 36 45
03 04 07 07 12 28
02 04 06 07 28 42
03 11 19 19 35 42
02 09 25 28 37 40
06 06 17 18 21 41
03 03 06 09 15 35
05 12 15 39 46 48
05 13 26 34 35 43
01 04 14 19 35 48
14 16 26 30 34 49
02 05 12 34 35 41
02 05 10 11 14 32
16 23 24 31 37 40
02 02 03 20 36 42
18 19 20 23 31 38
03 10 11 24 43 47
04 09 18 22 40 48
08 15 31 32 41 45
07 20 21 21 21 44
01 03 08 17 22 27
12 16 18 21 43 49
17 30 32 35 47 48
05 10 35 36 38 42
02 07 13 16 26 35
07 08 12 36 44 48
08 18 27 38 42 48
04 17 30 30 35 37
01 13 22 27 44 47
14 17 17 25 32 32
14 18 21 41 45 46
08 12 26 36 40 41
01 03 05 08 35 48
13 20 32 32 34 49
03 13 15 24 30 44
07 09 17 28 40 49
08 10 19 30 37 37
06 06 07 12 13 34
03 32 38 40 42 43
01 24 33 34 35 40
07 08 12 22 35 49
22 24 25 33 33 44
03 07 19 26 30 32
03 13 16 20 22 45
04 08 09 32 39 45
13 26 27 28 36 44
19 20 20 29 37 43
08 16 25 31 36 43
07 11 33 37 38 40
01 06 20 33 34 48
23 24 30 46 47 47
